40 34.9420309067 2.78830528259
80 52.098929882 3.90619039536
120 65.1907920837 4.67816988627
160 85.0602984428 5.31584024429
200 102.581262589 6.11567497253
240 117.245813211 6.78499539693
280 137.486713273 7.19828265054
320 138.816982508 7.86907970905
360 152.390665478 8.5703531901
400 167.248547077 8.93521308899
440 183.180353858 9.51886177063
480 197.721868753 9.99545057615
520 206.846319712 10.8026999694
560 227.952131203 11.1487082073
600 244.405825933 11.5585724513
640 260.452665389 12.2557953
680 277.091475094 12.602911276
720 284.173654185 13.1566325823
760 300.642942127 13.5801026696
800 311.513036489 14.1220092773
840 320.050120354 14.6161658423
880 333.807062019 14.9451060729
920 347.690167634 15.3371043827
960 350.476155678 15.9242004156
1000 367.563509941 16.3995742798
1040 393.380660277 16.63595438
1080 402.850376235 17.2390098925
1120 412.272555487 17.7254847118
1160 444.099759233 18.0729298756
1200 446.088075638 18.3181166649
1240 460.434402189 18.9872710936
1280 455.124881119 19.3553045392
1320 481.578545137 19.8125116753
1360 495.918533381 20.3256046071
1400 504.908459527 20.8944763456
1440 500.883923637 21.0542811288
1480 531.212300868 21.4853963336
1520 536.989020674 22.0511932122
1560 547.0091563 22.3886049711
1600 547.137364745 22.6176828146
1640 576.245915599 23.1036907289
1680 584.318935871 23.6822735696
1720 602.803757024 24.0703377613
1760 596.861419353 24.3721495975
1800 623.619821337 24.6776342392
1840 633.57906497 25.2975717835
1880 657.06958162 25.7947977553
1920 649.440747996 26.1094421148
1960 676.327335591 26.5212448276
2000 690.721738338 26.6799926758
2040 719.796150338 27.1720979728
2080 715.458553571 27.785049035
2120 747.628144498 28.0632387917
2160 743.283993668 28.3908733615
2200 752.772623842 28.9184396917
2240 785.663755877 29.4977213655
2280 776.855035832 29.7147872155
2320 795.629990512 30.0570603075
2360 798.26878289 30.2616923542
2400 804.70302701 30.9028128783
2440 846.569919195 31.4792257841
2480 838.782950755 31.7599600361
2520 883.811863642 32.2453748612
2560 886.504799128 32.4915070087
2600 888.661714701 33.041541393
2640 901.872642113 33.1499450135
2680 892.487550849 33.4489879323
2720 923.367063789 34.0442534755
2760 927.421364231 34.3495607376
2800 938.108682632 34.9587287222
2840 971.575941838 35.4957328716
2880 958.722084761 35.7038362159
2920 994.904718987 36.1392187746
2960 992.949266691 36.4248011563
3000 1007.17406273 36.9669834773
3040 1032.87184709 37.3007592402
3080 1036.18607119 37.88077212
3120 1031.4148206 38.1592680246
3160 1068.60546372 38.4607194345
3200 1073.79160821 38.7368500233
3240 1081.1268621 39.3286899284
3280 1119.07550474 39.9130728187
3320 1106.77958253 40.1004682104
3360 1107.2712569 40.428170136
3400 1144.53063292 40.9045009052
3440 1153.2268344 41.1479486976
3480 1153.25753031 41.7257794018
3520 1200.1246688 42.1910191124
3560 1189.84364392 42.4539239219
3600 1193.87144513 42.7411132389
3640 1256.28661978 42.9427558249
3680 1264.31141859 43.3690716391
3720 1265.20745216 43.9740060478
3760 1267.42082073 44.309858312
3800 1258.73848639 44.5953607559
3840 1258.24757541 44.8246176044
3880 1303.43799124 45.4293882724
3920 1309.0433819 45.7122678659
3960 1314.8288775 46.2155330061
4000 1374.67360497 46.386307478
