40 1.17421150208
80 1.14619731903
120 1.14321708679
160 1.14858150482
200 1.14607810974
240 1.14679336548
280 1.14585672106
320 1.14247202873
360 1.16447607676
400 1.14399194717
440 1.14619731903
480 1.1437634627
520 1.14317123707
560 1.14594187055
600 1.14313761393
640 1.14113092422
680 1.1463025037
720 1.14374690586
760 1.14487974267
800 1.14303827286
840 1.14449432918
880 1.1452219703
920 1.1452384617
960 1.14180147648
1000 1.14130973816
1040 1.14454672887
1080 1.14462993763
1120 1.14228044237
1160 1.145375186
1200 1.14099184672
1240 1.14479372578
1280 1.14573165774
1320 1.14619731903
1360 1.14411115646
1400 1.14580563137
1440 1.1453529199
1480 1.14606844412
1520 1.14629143163
1560 1.14445502941
1600 1.15007162094
1640 1.14720042159
1680 1.14565803891
1720 1.14672405775
1760 1.14664435387
1800 1.14762783051
1840 1.14646942719
1880 1.14632413742
1920 1.14783644676
1960 1.14892210279
2000 1.14554166794
2040 1.14608044718
2080 1.1457158969
2120 1.14679336548
2160 1.14808479945
2200 1.14618648182
2240 1.1562023844
2280 1.15975998996
2320 1.1600810906
2360 1.1492179612
2400 1.15710496902
2440 1.15515755825
2480 1.15117719097
2520 1.15200640663
2560 1.14544294775
2600 1.14444585947
2640 1.14412018747
2680 1.14622400768
2720 1.14903730505
2760 1.14658604497
2800 1.15255798612
2840 1.15546542154
2880 1.15108158853
2920 1.15601983789
2960 1.14528714
3000 1.1461575826
3040 1.15010299181
3080 1.14950266751
3120 1.15030086957
3160 1.14975096304
3200 1.15264952183
3240 1.14808847875
3280 1.15135820901
3320 1.14931399564
3360 1.14910659336
3400 1.14686348859
3440 1.14766664283
3480 1.14693038765
3520 1.14751133052
3560 1.1450922891
3600 1.14778015349
3640 1.15181063558
3680 1.15276030872
3720 1.14624218274
3760 1.14764304871
3800 1.14665533367
3840 1.14840765794
3880 1.14704530264
3920 1.14757187512
3960 1.14735930857
4000 1.14830732346
