40 19.1980600357 35.6954336166
80 35.8337163925 71.9207525253
120 54.7534227371 106.359124184
160 73.3222067356 140.069574118
200 89.3734693527 176.135540009
240 107.57257541 212.729175886
280 124.392935208 248.34896837
320 144.710168242 282.79222548
360 160.019463963 319.636993938
400 181.225538254 353.560805321
440 193.082690239 390.089370988
480 213.630398115 427.573720614
520 230.516011898 467.091019337
560 260.469104562 530.395209789
600 263.276457787 532.317399979
640 287.244282663 576.186738908
680 300.002904499 614.900028004
720 319.017204973 644.094910887
760 358.337101183 698.216306536
800 369.207590818 731.405556202
840 373.165607452 773.096652258
880 387.179959904 776.081789624
920 404.814429905 810.125729312
960 420.631368955 841.082632542
1000 438.563370705 877.308678627
1040 456.871413268 916.791810439
1080 475.153768504 955.380554552
1120 491.810249431 984.155003514
1160 508.836857204 1018.56922281
1200 546.169340611 1053.08389664
1240 545.940822171 1091.37014035
1280 563.386958092 1130.36628813
1320 581.467368386 1166.23656316
1360 598.647033467 1211.67551069
1400 644.184912954 1298.83350645
1440 758.795142174 1482.19057255
1480 654.302835464 1313.04400998
1520 670.114849743 1346.14804858
1560 685.277474232 1372.8592946
1600 703.209713101 1408.1261307
1640 723.070851186 1447.78069926
1680 740.004650184 1481.13568624
1720 761.89914415 1531.27638407
1760 776.833891869 1557.00852925
1800 794.427567058 1589.58827125
1840 808.659791946 1619.96120992
1880 826.781785234 1656.32720957
1920 847.133050362 1698.81694019
1960 962.090723369 2011.46669534
2000 929.420185089 1853.01663876
2040 896.217273731 1796.26962718
2080 934.544664163 1889.16317545
2120 932.041024262 1868.46007716
2160 947.960471665 1901.19029195
2200 962.753415108 1931.4682592
2240 985.081834452 1977.48219328
2280 1010.05872091 2036.40397181
2320 1048.51321927 2073.20378772
2360 1038.51502225 2078.72462475
2400 1054.94016409 2108.08100303
2440 1076.14496692 2158.04984335
2480 1092.9085843 2191.30867912
2520 1116.64094622 2281.1435234
2560 1130.78240305 2262.91481405
2600 1134.35718646 2271.50634619
2640 1387.75335117 2845.37029989
2680 1198.70410037 2336.23650537
2720 1191.98118063 2383.07611031
2760 1218.77222821 2449.49209517
2800 1222.00308527 2461.5274242
2840 1240.55598823 2491.18107305
2880 1260.61648958 2516.77219239
2920 1275.68502949 2550.76748051
2960 1540.02697887 2924.53066723
3000 1378.73571714 2836.63934072
3040 1352.39241939 2739.53407219
3080 1344.05487544 2782.58774962
3120 1701.13808834 3378.05388065
3160 1450.89528229 2770.39912683
3200 1423.10441285 2893.01256835
3240 1415.54164298 2823.92163336
3280 1432.91742336 2860.07577326
3320 1813.34349046 3697.66323681
3360 1736.95586267 3448.22814777
3400 1481.28306164 2967.39677121
3440 1497.17818859 3013.68272582
3480 1828.22439862 3548.79674555
3520 1784.81528027 3596.74701636
3560 1877.6027808 3716.07621064
3600 1578.48038938 3149.68246884
3640 1787.13266666 3587.68184761
3680 1481.85522012 2971.36389043
3720 1496.02846433 3004.06872585
3760 1519.87779014 3040.24669718
3800 1524.66810377 3058.24516321
3840 1541.7766509 3092.41570532
3880 1557.8385358 3125.3358691
3920 1574.73427301 3157.31051017
3960 1590.26833496 3189.8224113
4000 1607.72819519 3222.65689969
