50 7.10010528564 2.121925354
100 7.47919082642 2.6798248291
150 9.21249389648 2.92778015137
200 9.39965248108 3.34501266479
250 10.1919174194 3.6039352417
300 10.5635325114 4.06662623088
350 11.3459995815 4.16823795864
400 11.4804506302 4.49240207672
450 12.1863683065 4.61101531982
500 12.4678611755 4.86040115356
550 12.9383260554 5.10909340598
600 13.4019056956 5.21341959635
650 13.595360976 5.45538388766
700 14.1457148961 5.69547925677
750 14.4904454549 5.81041971842
800 14.9214267731 6.07013702393
850 15.24588641 6.21290767894
900 15.2598487006 6.40233357747
950 15.6179227327 6.3241155524
1000 15.9680843353 6.5929889679
1050 16.3789022537 6.71522957938
1100 16.7798995972 7.12459737604
1150 16.8557789015 6.96783480437
1200 17.2084569931 7.25408395131
1250 17.6055908203 7.32154846191
1300 17.8746076731 7.56227053129
1350 18.0466969808 7.61632566099
1400 18.5113293784 8.23634011405
1450 18.8062930929 8.09866806556
1500 18.8159942627 8.04408391317
1550 19.1065572923 8.20513694517
1600 19.0824270248 7.97495245934
1650 19.4582794652 8.15637183912
1700 19.8540968053 8.54057424209
1750 19.8508671352 8.4045955113
1800 20.2327304416 8.83274608188
1850 20.6406052048 8.91788585766
1900 20.7510747408 8.85837956479
1950 21.1584873689 9.14353590745
2000 21.2880373001 9.10806655884
2050 21.4839563137 9.21656445759
2100 21.6976801554 9.31910106114
2150 21.8320447345 9.35720842938
2200 21.8718702143 9.55137339505
2250 22.0645268758 9.60392422146
2300 22.3021921904 9.765625
2350 22.7408713483 9.83532438887
2400 22.7758288383 9.99500354131
2450 22.9991212183 9.99470146335
2500 23.1295585632 10.0352287292
2550 23.4557133095 10.2086160697
2600 23.4707502218 10.3842295133
2650 23.8052404152 10.307150067
2700 24.2303918909 10.8303847136
2750 24.4461406361 11.7835998535
2800 24.1807528905 10.6932435717
2850 24.6719728436 10.6754637601
2900 24.5830930513 10.9648704529
2950 24.8949406511 11.0715122546
3000 24.906317393 11.1219882965
3050 25.2304702509 10.9266062252
3100 25.1213196785 11.1038454117
3150 25.4500858367 11.1618496123
3200 25.4434347153 11.252835393
3250 25.9141188401 11.4895013662
3300 25.8033203356 11.450955362
3350 26.0125345259 11.3611790671
3400 26.4382362366 12.5079996446
3450 26.4336406321 12.2681216917
3500 26.6920498439 11.9199752808
3550 26.7428411564 11.9729780815
3600 26.6310903761 11.9205978182
3650 27.150650547 12.046866221
3700 27.1135407525 12.1040601988
3750 27.7301152547 12.2407913208
3800 27.5360283099 12.1947338707
3850 28.4293410066 12.5044042414
3900 27.6833314162 12.5174644666
3950 28.7298612957 12.7916698214
4000 28.1860232353 12.6975178719
4050 28.1995608483 12.792069235
4100 28.5185255655 12.9061210446
4150 28.6968644843 12.8419140735
4200 28.6404291789 12.7749783652
4250 29.0710224825 12.9475313074
4300 28.937916423 13.0974414737
4350 29.3390778289 13.2128836095
4400 29.4241038236 13.212019747
4450 29.3422548958 13.1660632873
4500 29.6380254957 13.3377710978
4550 29.9094797491 13.2971543532
4600 29.666993929 13.3265101391
4650 30.1935339487 13.6408754574
4700 29.90190019 13.545726208
4750 30.1099074514 13.5713376497
4800 30.2050014337 13.5845442613
4850 30.4629139065 13.8000114677
4900 30.2624702454 13.6277626972
4950 30.7812353577 13.8972022317
5000 30.5984020233 13.7790203094
