50 12.7363204956 5.39779663086
100 15.0322914124 5.66005706787
150 17.9545084635 7.69297281901
200 20.3394889832 8.3601474762
250 21.84009552 8.98838043213
300 24.2169698079 10.4435284932
350 24.6000289917 11.1028126308
400 25.5650281906 11.5776062012
450 27.8266270955 12.5042597453
500 28.736114502 12.9380226135
550 30.1092321222 13.8872320002
600 31.566619873 14.3849849701
650 32.4986531184 14.7045575655
700 33.4787368774 15.3613090515
750 34.7747802734 15.6866709391
800 35.8399748802 16.5399909019
850 36.8339875165 16.9484755572
900 36.8298424615 17.0842806498
950 37.5295940198 17.0926043862
1000 38.4159088135 17.8918838501
1050 39.815221514 18.0228551229
1100 40.8081574873 19.2208723588
1150 41.2312797878 18.6955410501
1200 42.0524676641 19.6208556493
1250 43.8520431519 20.311164856
1300 45.079267942 21.0807873653
1350 45.0125447026 20.6859023483
1400 46.0306235722 20.6714017051
1450 46.3378840479 21.6544907669
1500 46.635945638 21.7501322428
1550 47.8315353394 22.3199782833
1600 47.8462874889 22.3144888878
1650 48.8399736809 23.1770313147
1700 50.412346335 23.3934907352
1750 50.1074109759 23.5422679356
1800 52.8777970208 25.0905089908
1850 53.8729332589 25.6908262098
1900 58.669416528 27.972020601
1950 54.4733878894 25.5994307689
2000 56.4979314804 25.7054567337
2050 57.8493025245 26.3355999458
2100 56.4099493481 25.3823825291
2150 57.9292829647 27.2190848062
2200 56.2245195562 25.8577953685
2250 58.1120385064 26.8626742893
2300 58.1400290779 27.1951633951
2350 60.0995408728 27.6842523128
2400 59.6954425176 27.4354219437
2450 60.9739459291 28.3881596157
2500 60.7303619385 27.8444290161
2550 63.0427341835 29.7713747212
2600 63.3337864509 29.1142096886
2650 64.5841742462 29.7886470579
2700 64.6866692437 29.7755665249
2750 66.4654645053 32.2126908736
2800 68.2093415942 32.7946458544
2850 71.4094596997 31.7101729544
2900 69.7020826669 36.0876116259
2950 70.9511870045 32.6583345058
3000 70.0626373291 32.3130289714
3050 75.7479276813 35.725968783
3100 71.8708961241 33.4158251362
3150 75.4390444074 34.6054349627
3200 75.1806050539 34.5149636269
3250 78.2375335693 35.4504218468
3300 80.5348338503 37.8956939235
3350 78.8728514714 36.3379094138
3400 78.6132672254 37.9370941835
3450 80.2846576857 35.5599583059
3500 80.8277130127 37.6971789769
3550 81.3915360142 37.55153065
3600 80.016652743 36.9605753157
3650 83.1827398849 37.6912339093
3700 81.9918916032 38.4192208986
3750 84.9136352539 39.5016352336
3800 85.3494593972 39.4373818448
3850 88.2348147306 41.0877574574
3900 88.2448905554 40.8561413105
3950 87.3759426648 40.4417665699
4000 89.1027450562 41.2692427635
4050 90.1239300952 41.3884056939
4100 92.8650832758 43.0938674182
4150 92.3884633076 43.0710918932
4200 92.0483611879 42.6009155455
4250 96.1884891286 45.8712858312
4300 94.0218637156 43.5516446136
4350 95.817905733 43.9921740828
4400 98.946148699 47.6061755961
4450 101.938890607 46.8157114608
4500 100.294642978 47.1468501621
4550 101.286814763 47.7463858468
4600 100.887391878 46.6356588447
4650 103.361529689 47.3701312978
4700 102.341682353 48.0184656508
4750 102.208388479 47.4610579641
4800 104.675839345 48.4754641851
4850 105.162256772 49.2998005189
4900 105.547710341 49.2779576049
4950 105.00137252 49.5917387683
5000 108.449411392 50.8660316467
