50 3.39984893799 0.796318054199
100 3.28063964844 0.789165496826
150 3.42051188151 0.839233398438
200 3.35454940796 0.799894332886
250 3.4236907959 0.80394744873
300 3.36011250814 0.803470611572
350 3.39712415423 0.811304364886
400 3.3700466156 0.857710838318
450 3.3352110121 0.800026787652
500 3.36217880249 0.81205368042
550 3.33612615412 0.805421309038
600 3.37163607279 0.843604405721
650 3.35840078501 0.813557551457
700 3.65427562169 0.955717904227
750 3.34008534749 0.798543294271
800 3.48389148712 0.802576541901
850 3.33757961498 0.797440023983
900 3.32329008314 0.800026787652
950 3.36621936999 0.802090293483
1000 3.47805023193 0.869035720825
1050 3.34853217715 0.804719470796
1100 3.39269638062 0.807372006503
1150 3.60012054443 0.916563946268
1200 3.54170799255 0.884135564168
1250 3.3224105835 0.840187072754
1300 3.3398774954 0.807688786433
1350 3.96145714654 1.09336994312
1400 3.50560460772 0.853538513184
1450 4.2828198137 1.25243746001
1500 3.3860206604 0.809987386068
1550 3.80762161747 1.02519989014
1600 3.39806079865 0.815540552139
1650 3.36849328243 0.799352472479
1700 3.64233465756 0.963491552016
1750 3.34126608712 0.797135489328
1800 3.42779689365 0.810623168945
1850 3.42046892321 0.865395004685
1900 3.80628987363 1.01465927927
1950 3.66003085405 0.906112866524
2000 3.3415555954 0.800013542175
2050 3.73421645746 0.981935640661
2100 4.0104275658 1.11909139724
2150 3.35582467013 0.822710436444
2200 3.70589169589 0.980008732189
2250 3.35248311361 0.797377692329
2300 3.58042509659 0.924753106159
2350 3.79440632272 1.03270753901
2400 3.33706537882 0.79999367396
2450 3.70813875782 0.98247917331
2500 3.39202880859 0.809192657471
2550 3.50709054984 0.866254170736
2600 3.53152935322 0.846936152532
2650 3.63241951421 0.913548019697
2700 3.52259035464 0.854421544958
2750 3.59934026545 0.930179249157
2800 3.63213675363 0.888194356646
2850 3.62170370002 0.940624036287
2900 3.64204932903 0.867925841233
2950 3.59292757713 0.856286388333
3000 3.54695320129 0.797669092814
3050 3.92624589263 1.03903598473
3100 3.52867187992 0.873842547017
3150 3.83271111382 0.981906103709
3200 3.6459416151 0.815615057945
3250 3.69387406569 0.922789940467
3300 3.67793169889 0.919645482844
3350 4.03190726665 1.09729482167
3400 3.42586461235 0.855291590971
3450 4.03300575588 1.026927561
3500 3.63601957049 0.881740025112
3550 3.58453938659 0.797795577788
3600 3.4636259079 0.818636682298
3650 3.32303243141 0.79481569055
3700 3.813472954 0.94832600774
3750 3.51759592692 0.816535949707
3800 3.41816952354 0.828441820647
3850 3.50543430873 0.806226358785
3900 4.1397412618 1.00258069161
3950 3.48604178127 0.814908667456
4000 3.93575429916 1.02269649506
4050 3.82935559308 0.852596612624
4100 3.56389255058 0.819055045523
4150 3.78746584237 0.911333474768
4200 3.53313627697 0.83809807187
4250 4.02731053969 0.953674316406
4300 3.97349512854 0.894180563993
4350 3.65608039944 0.809417373833
4400 3.75682657415 0.803199681369
4450 3.55999121505 0.800014881606
4500 4.07309002346 1.022444831
4550 3.77602629609 0.869887215751
4600 3.68133835171 0.803937082705
4650 3.5378753498 0.803650066417
4700 4.1067853887 1.03534536159
4750 3.73177779348 0.829897428814
4800 4.13497289022 0.932266314824
4850 3.71421735311 0.889719147043
4900 4.16488063579 1.01673359774
4950 3.97190903172 0.915190186163
5000 4.1051864624 0.9361743927
