50 2.0170211792 1.64031982422
100 2.52962112427 2.17914581299
150 1.81198120117 1.51952107747
200 1.94430351257 1.61528587341
250 1.86347961426 1.55925750732
300 8.40663909912 8.0132484436
350 1.80312565395 1.51429857527
400 1.91271305084 1.51515007019
450 1.95079379612 1.50839487712
500 1.9679069519 1.50012969971
550 2.12365930731 1.73828818581
600 2.05000241597 1.5914440155
650 1.86296609732 1.54458559476
700 2.63997486659 2.21286501203
750 2.40389506022 1.93723042806
800 1.90615653992 1.50382518768
850 1.88827514648 1.50961034438
900 1.95662180583 1.51448779636
950 1.90007059198 1.50429575067
1000 1.87397003174 1.50203704834
1050 2.3010798863 1.76747639974
1100 1.96912071922 1.56359239058
1150 1.89138495404 1.51572020158
1200 1.88489754995 1.50322914124
1250 2.44483947754 1.54247283936
1300 3.96453417264 3.3530822167
1350 2.36087375217 1.95114700883
1400 2.27860042027 1.86273029872
1450 1.90817076584 1.52686546589
1500 2.23922729492 1.83391571045
1550 2.04193976618 1.53157018846
1600 2.0307302475 1.52751803398
1650 2.26483200536 1.76299702037
1700 1.88476899091 1.51830561021
1750 1.90053667341 1.51784079415
1800 1.92443529765 1.51329570346
1850 2.25569750812 1.70488615294
1900 1.96996488069 1.51483636153
1950 1.96921519744 1.56365908109
2000 2.05647945404 1.54399871826
2050 1.91956031613 1.53227550227
2100 1.90235319592 1.5385945638
2150 1.96512355361 1.51911447215
2200 1.94679607045 1.52089379051
2250 2.22884284125 1.75295935737
2300 2.07351601642 1.54267186704
2350 1.90765299696 1.51745816495
2400 2.0037094752 1.52419010798
2450 1.94374395877 1.53103653266
2500 1.95713043213 1.52559280396
2550 2.01730167165 1.53064727783
2600 2.13962334853 1.58924322862
2650 2.30186390427 1.71508429185
2700 1.97366431907 1.53850626062
2750 1.94800983776 1.53160095215
2800 1.99002879007 1.55108315604
2850 1.9645690918 1.52671546267
2900 1.96448687849 1.52653661268
2950 1.96068973865 1.53291023384
3000 2.24097569784 1.76000595093
3050 2.98367171991 2.47806799216
3100 2.38003269319 1.64447292205
3150 2.97932397752 2.30282072037
3200 2.42747366428 1.8934160471
3250 1.97696685791 1.53226118821
3300 3.06577393503 2.44328469941
3350 2.36596634139 1.67875147578
3400 2.71586810841 2.18237147612
3450 2.2148049396 1.62553096163
3500 2.05966404506 1.54801777431
3550 2.44818942648 1.72991148183
3600 3.40720017751 2.6449892256
3650 2.25537443814 1.66625192721
3700 2.05916327399 1.5461767042
3750 2.09356943766 1.57229105632
3800 2.12788581848 1.60976460105
3850 2.86777298172 2.22726301713
3900 10.2118345407 9.35230499659
3950 2.60075436363 1.97289865228
4000 2.44826078415 1.76447629929
4050 2.08472028191 1.55831560676
4100 2.30928746665 1.71417143287
4150 2.10894159524 1.5510995704
4200 2.71763120379 2.00282959711
4250 2.24494934082 1.60918516271
4300 2.51021496085 1.7732797667
4350 2.65379061644 1.57219240035
4400 5.18116084012 4.52345067805
4450 2.17325232002 1.6011548846
4500 3.3728811476 2.76311238607
4550 2.57733103993 2.04023424086
4600 2.29239463806 1.68193941531
4650 2.14879230786 1.55100258448
4700 2.85402257392 1.74831836782
4750 2.19581001683 1.60086782355
4800 2.72646546364 1.97331110636
4850 2.12679204253 1.57734782425
4900 2.44958060128 1.7736396011
4950 2.22629970974 1.61310639044
5000 2.42600440979 1.79920196533
